Julian Date   This is the time when a fill occurred
2457635.07292
2457636.07292
2457637.07292
2457638.07292
2457639.07292
2457640.07292
2457641.07292
2457642.07292
2457643.07292
2457644.07292
2457645.07292
2457646.07292
2457647.0791 
2457648.6764 
2457649.1272 
2457649.8360 
2457650.4959 
2457651.1421 
2457652.4539 
2457653.6949 
2457654.6668 
2457655.5835 
2457656.4103 
2457657.1390 
2457657.2863 
2457657.8862 
2457659.1112 
2457660.5350 
2457661.5701 
2457667.0539 
2457667.2280 
2457668.2307 
2457668.9516 
2457669.7294 
2457670.5215 
2457671.2571 
2457671.4287 
2457672.2274 
2457672.9863 
2457673.8431 
2457674.5835 
2457674.8546 
2457675.6187 
2457675.9245 
2457676.7740 
2457677.6409 
2457678.5025 
2457679.2174 
2457680.0026 
2457680.7949 
2457680.9255 
2457681.7035 
2457682.5646 
2457683.4601 
2457684.3422 
2457685.2243 
2457686.0226 
2457686.7037 
2457687.4748 
2457688.3282 
2457689.1824 
2457690.0575 
2457690.9116 
2457691.8149 
2457692.6274 
2457693.4461 
2457694.2307 
2457694.9950 
2457695.7383 
2457696.5163 
2457697.3003 
2457698.1335 
2457698.9114 
2457699.7036 
2457700.5162 
2457701.3424 
2457702.1869 
2457703.0368 
2457703.8910 
2457704.7382 
2457705.5855 
2457706.4259 
2457707.2723 
2457708.1339 
2457708.9949 
2457709.8492 
2457710.7109 
2457711.5849 
2457712.4461 
2457713.3146 
2457714.1758 
2457715.0298 
2457715.8500 
2457716.5431 
2457717.3907 
2457718.2661 
2457719.1690 
2457720.0373 
2457720.8984 
2457721.7380 
2457722.5923 
2457723.4533 
2457724.3218 
2457725.1761 
2457725.9744 
2457726.7652 
2457727.5992 
2457728.4466 
2457729.2865 
2457730.1271 
2457730.9264 
2457731.6613 
2457732.5088 
2457733.3631 
2457734.2104 
2457735.0027 
2457735.8003 
2457736.6272 
2457737.4882 
2457738.4467 
2457738.9025 
2457739.7241  100.6
2457740.4810  112.2
2457741.2381  132.3
2457741.9744  130.0
2457742.7313  142.1
2457743.5644  150.2
2457744.3976  100.1
2457745.2521  121.4
2457746.2031  141.5
2457747.0784  148.4
2457747.9190  150.2
2457748.7240  150.2
2457749.4052  150.2
2457750.2167   108.1
2457751.0158   113.9
2457751.8212   138.7
2457752.6755   150.2
2457753.5503   104.7
2457754.4116   131.7
2457755.2795   135.2
2457756.1339   147.3
2457756.9881   150.2
2457757.8496   150.2
2457758.4185   106.4
2457759.2658   112.2
2457760.0989   125.4
2457760.9676   143.8
2457761.8491   150.2
2457762.7038   150.2
2457763.4741   101.8
2457764.4257   124.8
2457765.3077   135.2
2457766.1756   147.3
2457766.9397   150.0
2457767.7374   98.3
2457768.5644   112.8
2457769.3840   125.4
2457770.2103   139.2
2457771.0441   150.2
2457771.9050   150.2
2457772.8070   113.3
2457773.7729   131.2
2457774.7245   143.8
2457775.4608   146.7
2457776.2454   150.2
2457776.8564   150.2
2457777.4601   120.2
2457778.2591   131.2
2457779.0159   140.4
2457779.7453   134.6
2457780.4189   136.4
2457781.0502   132.9
2457781.5783   150.2
2457782.2313   123.7
2457782.9533   120.2
2457783.7663   142.7
2457784.5925   150.2
2457785.4397   140.4
2457786.1481   139.2
2457786.7455   148.4
2457787.1504   180.1
2457787.8978   150.2
2457788.7729   150.2
2457789.6480   150.1
2457790.4953   150.2
2457790.9607   167.5
2457791.9186   150.2
2457792.8078   150.2
2457792.9044   130.0
2457793.8564   150.2
2457794.7245   150.2
2457795.4954   150.2
2457796.1692   150.2
2457796.8008   150.2
2457797.3773   150.2
2457797.8977   140.4
2457798.7867   148.4
2457799.6825   150.2
2457800.5924   150.2
2457801.3287   150.2
2457802.1964   150.2
2457802.6759   150.2
2457803.1480   150.2
2457804.0923   150.2
2457804.9746   150.2
2457805.7314   150.2
2457806.4602   150.2
2457807.1338   150.2
2457807.7243   150.2
2457808.2802   150.2
2457808.4396   150.2
2457808.5717   150.2
2457808.7032   150.2
2457808.8354   150.2
2457809.7380   150.2
2457810.5923   150.2
2457811.4187   150.2
2457812.1203   150.2
2457812.7729   150.2
2457813.3560   150.2
2457813.8702   142.1
2457814.6754   142.1
2457815.5161   161.2
2457816.4331   180.2
2457817.3772   180.1
2457818.1484   180.1
2457818.8977   122.5
2457819.7102   119.1
2457820.5229   131.7
2457821.3841   150.2
2457822.2527   165.8
2457823.0510   172.2
2457823.9189   141.0
2457824.8148   156.0
2457825.6759   170.9
2457826.5644   144.5
2457827.4466   159.5
2457828.3289   180.2
2457828.9188   131.8
2457829.7728   128.9
2457830.7313   153.1
2457831.6339   162.9
2457832.5931   180.1
2457833.5098   180.2
2457834.0226   123.7
2457834.9189   134.7
2457835.8495   150.8
2457836.7386   165.2
2457837.6895   117.4
2457838.5990   134.0
2457839.5092   150.8
2457840.3981   158.2
2457841.2872   168.0
2457842.1898   180.1
2457842.6625   180.1
2457842.8494   151.4
2457843.7799   153.1
2457844.7106   168.1
2457845.6413   180.0
2457846.5928   180.1
2457847.4602   145.0
2457848.4047   119.7
2457849.3701   137.5
2457850.4610   166.9
2457851.0531   0.0
2457851.9534   110.5
2457852.8214   122.0
2457853.7105   138.7
2457854.6275   157.1
2457855.5511   171.5
2457856.6347   180.2
2457856.8975   112.7
2457857.7932   122.6
2457858.6966   139.3
2457859.6206   156.5
2457860.5303   179.6
2457861.4464   134.7
2457862.3563   137.6
2457863.2520   152.5
2457864.0993   162.3
2457864.9309   0.0
2457865.0635   0.0
2457866.1480   159.4
2457867.1414   180.2
2457867.2735   180.2
2457867.3662   0.0
2457868.1427   0.0
2457869.0718   146.8
2457870.0301   161.7
2457870.9884   175.6
2457871.9331   180.2
2457872.0036   0.0
2457872.9257   137.0
2457873.8285   154.8
2457874.7734   176.1
2457875.7386   180.2
2457876.7588   128.3
2457877.7383   147.3
2457878.7176   163.4
2457879.7171   147.9
2457880.5162   166.3
2457881.3426   180.2
2457881.8250   114.0
2457882.8079   145.0
2457883.7663   158.9
2457884.6694   168.8
2457885.5582   179.7
2457896.8165   156.0
2457897.6826   154.3
2457898.5926   172.6
2457899.4465   108.1
2457900.2243   113.3
2457900.9674   122.0
2457901.7243   134.6
2457902.5158   150.2
2457903.3496   166.3
2457904.1961   109.9
2457904.9949   115.6
2457905.8006   129.4
2457906.6199   142.1
2457907.4462   114.5
2457908.3003   121.4
2457909.1271   132.9
2457909.9397   141.5
2457910.7590   154.8
2457911.6200   116.2
2457912.4529   122.0
2457913.2451   130.0
2457914.0297   140.9
2457914.8287   154.8
2457915.6415   168.6
2457916.4044   112.7
2457917.6754   117.3
2457918.4881   137.6
2457919.3150   150.8
2457920.0648   154.8
2457920.8208   105.8
2457921.6265   120.3
2457922.4601   137.0
2457923.3428   154.2
2457924.2110   166.4
2457925.0513   177.3
2457925.9118   159.4
2457926.8013   176.7
2457927.6763   180.2
2457928.5295   120.2
2457929.3910   131.2
2457930.2314   141.0
2457931.0439   148.4
2457931.8775   164.0
2457932.7316   180.1
2457933.5854   120.8
2457934.4326   128.3
2457935.3078   144.4
2457936.1684   127.1
2457936.9952   128.3
2457937.8077   137.5
2457938.6339   151.3
2457939.4540   163.4
2457940.2734   176.1
2457941.0715   119.6
2457941.8696   122.0
2457942.7101   138.1
2457943.5505   151.3
2457944.4054   167.5
2457945.2805   180.1
2457946.1406   127.1
2457946.9673   126.6
2457947.7934   139.2
2457948.6270   153.1
2457949.4606   164.6
2457950.3011   180.1
2457951.1550   180.1
2457951.9600   128.9
2457952.7936   138.7
2457953.6272   152.5
2457954.4609   164.6
2457955.3013   179.6
2457956.1478   126.6
2457956.9949   130.0
2457957.8565   144.4
2457958.7242   159.4
2457959.5789   170.9
2457960.4261   180.1
2457960.9954   180.1
2457961.5720   180.1
2457962.4333   180.1
2457963.0225   132.3
2457963.8770   131.7
2457964.7312   150.8
2457965.5927   160.6
2457966.4610   172.6
2457967.3360   180.2
2457968.2103   126.6
2457969.0643   135.8
2457969.9327   151.4
2457970.8010   166.9
2457971.6693   180.2
2457972.5375   180.2
2457973.3838   124.9
2457974.2731   131.8
2457975.0651   134.0
2457975.9326   158.9
2457976.8083   173.8
2457977.6825   120.8
2457978.5576   134.1
2457979.4327   147.9
2457980.3146   161.7
2457981.1971   174.4
2457982.0721   180.1
2457982.9463   122.5
2457983.8213   133.5
2457984.7038   150.2
2457985.5925   164.6
2457986.4744   177.3
2457987.3500   180.2
2457988.2243   121.4
2457989.1061   135.8
2457989.9880   149.0
2457990.8705   162.4
2457991.7523   176.7
2457992.6341   180.2
2457993.5166   180.2
2457993.6480   180.1
2457993.8410   158.0
2457994.7383   141.6
2457995.6412   155.4
2457996.5511   170.4
2457997.4609   180.2
2457998.3632   125.5
2457999.2731   140.4
2458000.1829   154.8
2458001.0928   170.4
2458001.9957   180.2
2458002.8951   0.0
2458003.6753   130.0
2458004.6062   139.8
2458005.5370   155.4
2458006.4679   171.5
2458007.3987   180.2
2458008.3281   132.9
2458009.2732   141.6
2458010.2313   161.2
2458011.1758   172.7
2458012.1051   186.0
2458013.0368   131.8
2458013.9671   146.2
2458014.8981   160.1
2458015.8290   173.3
2458016.7661   180.2
2458017.7037   180.2
2458018.3977   130.1
2458019.3357   145.0
2458020.2731   161.2
2458021.2038   177.3
2458022.1344   180.2
2458023.0643   128.9
2458024.0023   141.0
2458024.9329   155.4
2458025.8634   171.0
2458026.0810   0.0
2458027.0017   132.9
2458027.9329   143.9
2458028.8636   157.1
2458029.8011   173.8
2458030.7175   180.2
2458031.6339   131.8
2458032.5578   137.6
2458033.4885   153.7
2458034.4261   170.4
2458035.3636   180.2
2458036.2942   180.3
2458037.0641   128.4
2458037.9954   140.5
2458038.9118   153.8
2458039.8216   168.2
2458040.7380   123.2
2458041.6551   136.4
2458042.5715   152.0
2458043.5022   167.5
2458044.4328   180.2
2458045.3708   180.2
2458045.9811   127.2
2458046.9116   138.2
2458047.8149   150.3
2458048.6971   163.0
2458049.5929   179.1
2458050.5028   180.3
2458051.2867   133.6
2458052.2313   140.1
2458053.1761   157.4
2458054.1202   171.0
2458055.0649   180.2
2458056.0095   180.2
2458056.7656   130.7
2458057.7034   139.3
2458058.6342   153.1
2458059.5646   166.9
2458060.4888   180.2
2458060.8671   0.0
2458061.8004   120.3
2458062.6823   132.9
2458063.5991   147.4
2458064.5090   158.8
2458065.4258   173.9
2458066.3500   180.2
2458066.8566   180.2
2458066.9882   135.2
2458067.8843   135.2
2458068.7798   148.5
2458069.6687   161.1
2458070.5582   175.5
2458071.1175   0.0
2458072.0018   117.4
2458072.8981   130.0
2458073.8149   150.2
2458074.7172   162.3
2458075.1674   0.0
2458076.0435   131.7
2458076.9189   145.0
2458077.8079   158.8
2458078.6968   175.0
2458079.5929   180.2
2458080.4811   144.4
2458081.3773   147.9
2458082.2804   164.0
2458083.1903   180.2
2458084.1068   180.2
2458084.8640   0.0
2458085.7658   135.8
2458086.6826   149.7
2458087.5927   162.9
2458088.5096   178.5
2458089.1403   0.0
2458090.0646   137.0
2458090.9814   148.4
2458091.8983   160.5
2458092.8009   174.4
2458093.7041   180.1
2458094.5786   180.1
2458095.3355   134.6
2458096.2244   141.0
2458097.1202   155.9
2458098.0161   171.5
2458098.9051   180.1
2458099.7871   180.1
2458100.6823   135.2
2458101.5993   148.4
2458102.5094   161.1
2458103.4332   178.4
2458104.3569   180.1
2458105.2664   180.1
2458106.0854   132.9
2458106.9955   147.3
2458107.9050   162.8
2458108.8084   176.7
2458109.1958   0.0
2458110.0644   114.5
2458110.9602   129.4
2458111.8704   145.6
2458112.7799   160.5
2458113.6902   174.4
2458114.5928   180.1
2458115.0512   180.1
2458115.0703   0.0
2458115.9208   0.0
2458116.0575   144.4
2458116.9606   145.6
2458117.8701   160.0
2458118.7803   175.5
2458119.6897   180.1
2458120.5445   180.1
2458121.2730   151.9
2458122.1899   166.9
2458123.1068   180.1
2458124.0167   180.1
2458124.8701   132.3
2458125.7802   146.7
2458126.7040   164.0
2458127.8912   180.1
2458128.6764   180.1
2458129.5583   180.1
2458130.1128   133.5
2458131.0159   146.1
2458131.9260   162.3
2458132.8429   178.4
2458133.7665   180.1
2458134.6621   180.1
2458135.3630   132.9
2458136.2866   147.3
2458137.2245   165.2
2458138.0881   0.0
2458139.0092   135.8
2458139.9051   143.8
2458140.8146   160.0
2458141.7246   175.5
2458142.6482   180.1
2458143.5649   180.1
2458144.3768   130.6
2458145.2867   141.5
2458146.1900   157.1
2458147.0926   169.2
2458148.0025   177.8
2458148.9191   177.2
2458149.0934   0.0
2458149.7031   134.6
2458150.6343   149.0
2458151.5580   164.0
2458152.4817   180.1
2458153.4052   180.1
2458154.2869   147.9
2458155.2247   146.1
2458156.1552   160.0
2458157.0722   175.5
2458157.9883   180.1
2458158.9125   180.1
2458159.7382   137.5
2458160.6688   145.0
2458161.6131   162.3
2458162.5369   175.5
2458163.4538   180.1
2458164.3776   180.2
2458165.0649   180.2
2458165.1971   180.1
2458165.2064   0.0
2458166.1060   140.4
2458167.0089   158.2
2458167.9261   177.2
2458168.8425   180.1
2458169.7385   180.2
2458170.4742   128.3
2458171.3838   143.3
2458172.3009   160.5
2458173.2590   136.4
2458174.1687   153.6
2458175.0790   169.8
2458176.0165   180.1
2458176.9402   180.1
2458177.7802   180.1
2458178.4815   150.2
2458179.5231   165.7
2458180.4604   170.9
2458181.3843   180.1
2458182.2733   180.1
2458183.1344   180.2
2458183.9745   138.7
2458184.8841   151.4
2458185.8011   169.8
2458186.7317   180.1
2458186.8151   0.0
2458187.7175   143.3
2458188.6966   156.5
2458189.6271   172.6
2458190.5718   180.1
2458191.5028   180.1
2458192.3357   180.2
2458193.0787   180.1
2458193.2107   169.8
2458194.1552   154.2
2458195.0926   170.3
2458196.0095   180.1
2458196.9332   180.2
2458197.8153   180.1
2458198.5784   143.3
2458199.5158   158.3
2458200.4402   173.8
2458201.3639   180.2
2458202.2875   180.2
2458203.0859   180.1
2458203.8216   180.2
2458203.8609   0.0
2458204.7730   154.8
2458205.6901   174.4
2458206.6206   180.1
2458207.5373   180.2
2458208.3499   180.1
2458209.0718   180.1
2458209.2319   180.2
2458209.3633   180.1
2458209.4954   180.1
2458209.6276   180.5
2458209.7597   180.1
2458209.8912   180.1
2458235.0786   179.0
2458235.8011   157.7
2458236.5294   109.3
2458237.2585   120.2
2458237.9814   130.6
2458238.7105   142.1
2458239.5159   161.1
2458240.3765   112.8
2458241.1477   117.9
2458241.8698   124.9
2458242.5926   136.9
2458243.0365   109.3
2458243.8143   107.6
2458244.6271   122.1
2458245.3909   130.0
2458246.1479   140.4
2458246.9049   153.1
2458247.6829   166.9
2458248.5161   180.1
2458248.9298   0.0
2458248.9497   0.0
2458249.7938   120.8
2458250.6550   134.7
2458251.4952   145.0
2458252.3285   157.7
2458253.1277   164.9
2458253.8772   169.8
2458254.6484   180.2
2458254.7806   180.1
2458254.8249   0.0
2458255.6268   130.1
2458256.4397   143.3
2458257.2942   160.0
2458258.1555   176.1
2458258.9955   180.2
2458259.8394   180.0
2458260.2660   130.1
2458261.1551   139.9
2458262.0229   150.2
2458262.8703   161.7
2458263.7178   176.2
2458264.5502   118.6
2458265.4050   132.9
2458266.3007   149.6
2458267.1971   164.6
2458268.1274   180.2
2458269.0167   180.3
2458269.8565   180.2
2458270.0574   121.4
2458270.9116   132.9
2458271.7801   147.3
2458272.6691   165.2
2458273.5722   180.1
2458274.4820   180.1
2458275.3906   128.9
2458276.3143   142.2
2458277.2038   151.3
2458277.8272   0.0
2458278.7173   127.7
2458279.5926   138.1
2458280.4816   153.6
2458281.4053   170.3
2458282.3431   180.1
2458283.2801   180.1
2458284.1688   130.0
2458285.1270   143.8
2458286.0929   161.1
2458287.0096   169.8
2458287.8984   179.6
2458288.8081   180.1
2458289.6961   132.3
2458290.6202   142.1
2458291.5506   156.5
2458292.4949   141.0
2458293.4606   146.7
2458294.4053   161.1
2458295.3424   180.1
2458295.9819   180.1
2458296.5579   180.1
2458297.0577   180.1
2458298.0791   180.1
2458298.2527   180.1
2458298.3841   180.1
2458298.5162   180.1
2458298.6483   180.1
2458298.7805   180.1
2458299.9053   169.8
2458300.8151   171.5
2458301.7250   180.1
2458302.6544   120.2
2458303.5922   132.9
2458304.4885   143.8
2458305.3561   152.5
2458306.0764   0.0
2458306.9811   121.4
2458307.8910   134.0
2458308.8009   147.3
2458309.7244   162.8
2458310.6486   179.0
2458311.5998   180.1
2458312.4183   126.6
2458313.3492   141.0
2458314.3007   160.6
2458315.2595   176.7
2458316.2107   180.1
2458317.0748   0.0
2458317.7246   143.8
2458318.6895   160.0
2458319.6552   176.1
2458320.6129   145.6
2458321.5506   153.1
2458322.4816   168.0
2458323.4329   180.2
2458324.3916   180.1
2458325.2798   155.9
2458326.2453   153.6
2458327.2035   172.1
2458328.1691   180.1
2458329.1203   180.1
2458329.9680   180.1
2458330.7383   144.4
2458330.9638   0.0
2458331.9120   157.7
2458332.8846   176.2
2458333.8569   180.2
2458334.8356   141.0
2458335.8081   155.4
2458336.7800   171.5
2458337.7524   180.1
2458338.7247   180.1
2458339.5928   180.1
2458340.3631   141.6
2458341.3492   157.1
2458342.2929   0.0
2458343.2657   142.1
2458344.2524   156.5
2458345.2385   173.8
2458346.2245   180.1
2458347.2042   180.1
2458348.0712   139.8
2458349.0300   152.5
2458349.9958   169.8
2458350.9676   180.1
2458351.9331   180.1
2458352.8216   180.1
2458353.6198   141.5
2458354.5922   153.1
2458355.5788   169.8
2458356.5304   180.1
2458357.4122   180.1
2458358.2106   180.1
2458358.9676   139.2
2458359.9535   155.4
2458360.9260   173.8
2458361.8984   180.2
2458362.8839   144.4
2458363.8774   160.0
2458364.8703   177.8
2458365.8637   180.1
2458366.8292   180.1
2458367.6830   180.3
2458368.2524   141.6
2458369.2453   157.7
2458370.2383   176.1
2458371.2317   180.1
2458372.2109   180.1
2458373.0023   180.2
2458373.7247   158.8
2458374.7035   162.9
2458375.6830   180.2
2458376.6692   180.1
2458377.6206   180.1
2458378.4678   180.2
2458379.2450   143.3
2458380.2380   158.2
2458381.2386   176.1
2458382.2384   180.1
2458383.0424   0.0
2458384.0367   148.4
2458385.0298   164.0
2458386.0236   179.0
2458387.0165   180.2
2458387.9605   180.1
2458388.8220   180.1
2458389.5510   147.9
2458390.5510   163.5
2458391.5440   180.1
2458392.5443   180.1
2458393.4820   180.1
2458394.3079   180.1
2458394.9051   180.1
2458395.0581   168.0
2458396.0372   162.9
2458397.0097   180.1
2458398.0025   180.2
2458398.9259   180.1
2458399.7316   180.1
2458400.5506   150.2
2458401.5367   141.5
2458402.5230   161.2
2458403.5162   177.8
2458404.5155   128.9
2458405.5162   139.3
2458406.4951   154.2
2458407.4674   168.6
2458408.1885   0.0
2458408.9289   0.0
2458409.1994   0.0
2458409.8490   0.0
2458410.1864   0.0
2458410.8467   0.0
2458411.5780   120.3
2458412.1338   109.9
2458412.5639   81.1
2458412.8280   120.2
2458413.2796   120.2
2458413.6686   120.2
2458413.9967   0.0
2458414.7378   90.3
2458417.1924   0.0
2458417.6196   120.2
2458418.0222   69.0
2458418.5292   86.8
2458418.9665   94.3
2458419.4046   103.5
2458419.8419   110.4
2458420.2799   120.2
2458420.7171   120.2
2458421.1543   134.0
2458421.5926   150.2
2458422.0231   150.2
2458422.3698   89.1
2458422.7929   98.9
2458423.2167   107.0
2458423.6405   118.5
2458424.0642   127.2
2458424.4872   70.7
2458424.6471   58.6
2458424.7799   121.4
2458425.1827   145.9
2458425.6125   90.3
2458426.0431   100.6
2458426.4737   108.2
2458426.8627   115.1
2458427.2932   122.0
2458427.7238   127.7
2458428.1899   137.5
2458428.6204   141.5
2458429.0514   180.1
2458429.3766   83.9
2458429.8072   93.8
2458430.2378   102.5
2458430.6685   109.9
2458431.0991   117.4
2458431.5229   124.4
2458431.9536   130.7
2458432.2135   0.0
2458432.6473   85.8
2458433.0848   94.4
2458433.5223   101.8
2458433.9598   109.3
2458434.3904   117.3
2458434.8210   125.4
2458435.2517   132.3
2458435.6823   139.2
2458436.1122   85.7
2458436.5428   88.0
2458436.9741   95.5
2458437.4047   104.1
2458437.8353   112.2
2458438.2727   120.2
2458438.7102   130.6
2458439.1470   86.8
2458439.5851   92.0
2458440.0226   100.1
2458440.4600   108.7
2458440.8975   115.6
2458441.3349   124.3
2458441.7731   131.7
2458442.2105   139.9
2458442.6479   147.9
2458443.0847   95.6
2458443.5153   97.9
2458443.9459   104.2
2458444.3765   112.8
2458444.8077   121.4
2458445.2383   130.6
2458445.6688   139.8
2458446.0993   147.9
2458446.5359   92.0
2458446.9671   100.7
2458447.4044   109.9
2458447.8349   116.2
2458448.2661   125.4
2458448.6966   128.3
2458449.1271   134.7
2458449.5576   148.5
2458449.9881   156.5
2458450.4252   93.2
2458450.8625   102.4
2458451.3072   111.0
2458451.7588   122.5
2458452.2104   132.4
2458452.6551   138.7
2458453.0924   145.6
2458453.5297   151.3
2458453.9745   160.0
2458454.3974   97.8
2458454.8347   99.5
2458455.2727   107.6
2458455.7101   115.0
2458456.1475   124.3
2458456.5855   133.5
2458457.0297   141.6
2458457.4745   150.2
2458457.9187   158.8
2458458.3626   93.3
2458458.8074   101.8
2458459.2516   109.3
2458459.6965   117.9
2458460.1339   126.7
2458460.5713   138.1
2458461.0018   144.4
2458461.4324   153.6
2458461.8637   161.1
2458462.2801   180.1
2458462.3339   0.0
2458462.7724   102.4
2458463.2308   104.2
2458463.6682   113.4
2458464.1199   119.7
2458464.5574   136.4
2458464.9948   144.4
2458465.4329   150.8
2458465.8705   180.4
2458466.2653   97.3
2458466.7027   97.8
2458467.1408   107.0
2458467.5783   118.5
2458468.0157   127.7
2458468.4531   131.8
2458468.8912   140.4
2458469.3286   148.4
2458469.7660   155.9
2458470.2026   96.0
2458470.6406   98.9
2458471.0779   106.4
2458471.5160   115.0
2458471.9533   123.1
2458472.3906   131.2
2458472.8287   141.5
2458473.2661   148.5
2458473.7178   158.8
2458474.2796   94.9
2458474.7305   102.4
2458475.1754   109.9
2458475.6196   118.5
2458476.0644   127.2
2458476.5086   136.9
2458476.9535   145.0
2458477.4052   155.4
2458477.8570   180.1
2458478.2238   94.9
2458478.6755   102.9
2458479.1265   111.0
2458479.5782   120.3
2458480.0298   127.2
2458480.4809   135.8
2458480.9394   147.3
2458481.3972   95.5
2458481.8421   97.8
2458482.2863   105.2
2458482.7312   113.9
2458483.1823   123.7
2458483.6340   131.8
2458484.0857   139.2
2458484.5367   146.1
2458484.9816   151.9
2458485.4252   107.6
2458485.8769   116.8
2458486.3280   124.9
2458486.7797   134.6
2458487.0686   0.0
2458487.5777   100.7
2458488.0430   102.4
2458488.5090   111.6
2458488.9743   120.8
2458489.4397   128.4
2458489.8982   137.6
2458490.3635   148.0
2458490.8220   154.8
2458491.2803   148.5
2458491.6341   180.2
2458491.7663   180.1
2458491.8475   0.0
2458492.3908   122.6
2458492.8423   119.1
2458493.2864   126.1
2458493.7312   133.5
2458494.1754   141.6
2458494.6202   149.6
2458495.0466   0.0
2458495.5152   101.3
2458495.9736   108.7
2458496.4321   119.1
2458496.8906   128.9
2458497.3491   136.4
2458497.8075   145.6
2458498.2660   152.5
2458498.7311   146.8
2458499.1545   0.0
2458499.4041   97.2
2458499.8700   105.2
2458500.3353   114.5
2458500.8005   124.8
2458501.2589   132.9
2458501.6962   137.6
2458502.1341   139.8
2458502.5851   94.4
2458503.0436   103.0
2458503.5020   110.5
2458503.9604   121.4
2458504.4189   130.1
2458504.8773   138.1
2458505.3215   144.4
2458505.7589   151.4
2458506.1894   156.0
2458506.6198   92.0
2458507.0504   97.8
2458507.4949   108.7
2458507.9391   118.5
2458508.3907   127.2
2458508.8424   137.6
2458509.3004   102.4
2458509.7446   109.3
2458510.1895   119.7
2458510.6336   127.8
2458511.0921   139.9
2458511.5506   149.1
2458512.0090   153.7
2458512.4673   150.2
2458512.8842   162.9
2458513.5368   116.2
2458514.0087   116.8
2458514.4808   127.2
2458514.9536   138.4
2458515.4256   147.4
2458515.8984   157.2
2458516.3840   109.9
2458516.8839   120.3
2458517.3839   131.8
2458517.8635   138.7
2458518.3355   146.8
2458518.8219   160.6
2458519.3008   168.0
2458519.7804   179.6
2458520.1353   0.0
2458520.5642   109.3
2458521.0294   114.5
2458521.4879   121.4
2458521.9465   131.8
2458522.4050   140.4
2458522.8703   150.8
2458523.3418   105.8
2458523.8146   114.5
2458524.2867   125.4
2458524.7588   135.8
2458525.2241   143.3
2458525.6826   150.8
2458526.1411   165.2
2458526.6139   175.6
2458527.0859   180.2
2458527.3630   110.0
2458527.8488   120.2
2458528.3420   132.9
2458528.8496   151.9
2458529.3353   161.8
2458529.8081   167.5
2458530.2793   110.4
2458530.7446   117.9
2458531.2100   128.3
2458531.6828   135.8
2458532.1482   145.6
2458532.6067   153.1
2458533.0645   162.9
2458533.5299   171.5
2458533.9885   180.1
2458534.2029   112.7
2458534.6750   114.5
2458535.1547   124.8
2458535.6337   135.2
2458536.1134   145.0
2458536.5856   151.9
2458537.0504   112.8
2458537.5088   107.0
2458537.9673   115.6
2458538.4252   125.4
2458538.8837   136.9
2458539.3491   146.7
2458539.8219   158.8
2458540.2940   169.8
2458540.7736   177.8
2458541.2456   180.1
2458541.3777   180.1
2458541.5092   180.1
2458541.6413   180.1
2458541.7734   180.1
2458541.9055   180.1
2458542.0370   180.1
2458542.1691   180.1
2458542.5507   143.9
2458542.9674   130.6
2458543.3911   139.3
2458543.8148   147.3
2458544.2386   157.1
2458544.6691   165.2
2458545.0991   129.5
2458545.2318   180.1
2458545.3639   180.1
2458545.4954   180.2
2458545.6275   180.5
2458545.7596   180.2
2458545.8917   180.2
2458546.0231   180.2
2458546.1553   180.1
2458546.2874   180.2
2458546.4195   180.2
2458546.5509   180.2
2458546.6830   180.2
2458546.8151   180.1
2458575.2182   0.0
2458575.8079   151.3
2458576.3911   165.6
2458576.9675   177.7
2458577.5445   180.5
2458578.1207   180.6
2458578.7518   94.4
2458579.3765   99.2
2458579.9807   110.0
2458580.5713   117.2
2458581.1618   126.1
2458581.7517   135.3
2458582.3422   144.5
2458582.8983   95.2
2458583.4947   100.2
2458584.0711   108.8
2458584.6543   117.4
2458585.2450   127.3
2458585.8424   137.6
2458586.4393   96.1
2458587.0361   101.3
2458587.6336   112.2
2458588.2378   123.2
2458588.8352   131.3
2458589.4327   141.3
2458589.9130   0.0
2458590.5015   94.1
2458591.0846   102.6
2458591.6752   113.6
2458592.2658   123.4
2458592.8632   134.7
2458593.4668   98.4
2458594.0642   105.4
2458594.6547   111.1
2458595.2515   120.3
2458595.8421   128.4
2458596.4328   138.3
2458597.0227   147.4
2458597.6262   96.6
2458598.2310   105.8
2458598.8351   115.6
2458599.4393   126.6
2458600.0430   98.9
2458600.6478   108.7
2458600.7173   0.0
2458601.1138   0.0
2458601.7311   128.4
2458602.3354   138.1
2458602.9396   148.5
2458603.5507   159.5
2458604.1616   97.8
2458604.7658   106.4
2458605.3701   116.8
2458605.9744   127.7
2458606.5855   138.7
2458607.0984   0.0
2458607.7097   107.0
2458608.3215   117.4
2458608.9394   127.1
2458609.5505   137.5
2458610.1615   149.6
2458610.7664   157.1
2458611.3768   107.1
2458611.9811   118.0
2458612.5922   127.7
2458613.2032   140.4
2458613.8149   149.1
2458614.4253   107.0
2458615.0296   117.4
2458615.6406   128.9
2458616.2523   141.0
2458616.8565   149.1
2458617.4607   158.9
2458618.0718   172.1
2458618.6819   108.1
2458619.2936   117.9
2458619.9045   127.2
2458620.5087   135.8
2458621.1136   147.9
2458621.7172   105.8
2458622.3282   118.0
2458622.9466   128.3
2458623.5575   137.5
2458624.1685   149.7
2458624.7801   158.3
2458625.3973   114.5
2458626.0089   115.7
2458626.6199   126.6
2458627.2310   138.7
2458627.8352   147.9
2458628.4463   113.9
2458629.0572   118.6
2458629.6689   129.5
2458630.2799   139.3
2458630.8840   147.4
2458631.4882   159.4
2458632.0723   0.0
2458632.6895   110.4
2458633.3072   118.5
2458633.9188   127.7
2458634.5298   139.9
2458635.1407   150.8
2458635.7586   113.4
2458636.3770   121.4
2458636.9947   132.3
2458637.6063   142.1
2458638.2247   153.7
2458638.8499   165.2
2458639.4739   123.7
2458640.0853   138.7
2458640.6963   134.7
2458641.3216   143.3
2458641.9468   153.7
2458642.5715   162.9
2458643.2030   115.6
2458643.8283   116.8
2458644.4531   127.2
2458645.0785   139.2
2458645.7038   151.4
2458646.3354   120.2
2458646.9599   120.8
2458647.5852   130.6
2458648.2104   143.3
2458648.8357   154.8
2458649.4598   117.9
2458650.0850   120.2
2458650.7104   130.6
2458651.3351   142.1
2458651.9605   154.2
2458652.5858   165.8
2458653.2172   115.6
2458653.8418   122.0
2458654.4672   135.2
2458655.0925   147.3
2458655.7178   157.7
2458656.3487   113.9
2458656.9741   123.1
2458657.5989   135.2
2458658.2243   146.2
2458658.8497   157.7
2458659.4819   172.1
2458660.1125   113.9
2458660.7378   121.4
2458661.3632   133.5
2458661.9885   143.3
2458662.6132   154.8
2458663.2447   114.5
2458663.8700   120.3
2458664.4953   131.8
2458665.1184   5.6
2458665.2201   0.0
2458665.8351   90.9
2458666.0997   175.3
2458666.7173   112.7
2458667.3418   110.5
2458667.9112   110.5
2458668.4254   110.4
2458668.8905   110.4
2458669.3005   110.4
2458669.6751   110.4
2458669.8362   0.0
2458669.9806   88.5
2458670.5993   112.8
2458671.2239   125.4
2458671.8492   137.5
2458672.4745   148.5
2458673.0999   165.9
2458673.7177   172.7
2458674.3423   120.3
2458674.9670   132.6
2458675.5923   142.1
2458676.2176   155.4
2458676.8429   169.2
2458677.4742   110.4
2458678.1056   110.4
2458678.7375   112.2
2458679.3628   122.5
2458679.9951   153.7
2458680.6204   161.2
2458681.2449   101.2
2458681.8695   109.9
2458682.5016   123.2
2458683.1268   131.3
2458683.7520   141.6
2458684.3770   126.6
2458685.0090   137.5
2458685.6411   147.9
2458686.2731   159.4
2458686.9051   168.1
2458687.5989   102.5
2458688.2308   111.1
2458688.8628   122.0
2458689.4948   132.3
2458690.1269   143.8
2458690.7664   156.0
2458691.4046   108.8
2458692.0366   109.3
2458692.6754   120.2
2458693.3142   131.3
2458693.9537   142.8
2458694.5858   154.3
2458695.2172   103.0
2458695.8561   112.2
2458696.4949   122.6
2458697.1269   132.4
2458697.7589   143.3
2458698.3904   107.7
2458699.0222   109.4
2458699.6549   121.1
2458700.2868   131.8
2458700.9188   144.0
2458701.5508   152.5
2458702.1889   104.7
2458702.8283   112.2
2458703.4671   122.6
2458704.1059   135.3
2458704.7380   144.4
2458705.3837   100.1
2458706.0225   100.7
2458706.6613   109.3
2458707.3007   120.3
2458707.9327   129.5
2458708.5643   100.1
2458709.2030   100.1
2458709.8418   111.6
2458710.4738   122.0
2458711.1058   131.8
2458711.7384   139.9
2458712.3766   100.1
2458713.0153   100.1
2458713.6547   109.9
2458714.2936   120.8
2458714.9256   129.4
2458715.5644   142.1
2458716.2795   102.5
2458716.9183   111.1
2458717.5577   122.6
2458718.2032   135.2
2458718.8494   145.6
2458719.4943   101.2
2458720.1337   109.9
2458720.7793   123.7
2458721.4187   134.6
2458722.0575   146.2
2458722.7658   106.4
2458723.4113   115.0
2458724.0508   126.6
2458724.6896   136.9
2458725.3283   147.3
2458725.9678   159.4
2458726.6058   106.4
2458727.2446   114.5
2458727.8840   126.6
2458728.5228   136.9
2458729.1616   147.3
2458729.8010   158.3
2458730.4392   107.6
2458731.0780   115.1
2458731.7169   126.6
2458732.3565   135.3
2458732.9953   146.2
2458733.6335   105.3
2458734.2723   113.3
2458734.9118   123.7
2458735.5507   134.1
2458736.1895   145.0
2458736.8358   155.4
2458737.4808   104.8
2458738.1270   113.3
2458738.7727   124.3
2458739.4183   135.8
2458740.0643   110.4
2458740.7098   111.6
2458741.3561   122.0
2458742.0018   133.5
2458742.6482   145.0
2458743.2870   153.6
2458743.9258   164.0
2458744.5638   104.1
2458745.2101   113.3
2458745.8558   130.1
2458746.4952   133.5
2458747.0715   0.0
2458747.7097   103.0
2458748.3561   113.3
2458749.0018   124.9
2458749.6481   135.2
2458750.2937   146.2
2458750.9325   156.0
2458751.5713   105.9
2458752.2169   115.7
2458752.8632   126.0
2458753.5087   136.9
2458754.0432   0.0
2458754.6889   105.8
2458755.3352   118.5
2458755.9808   123.7
2458756.6272   134.7
2458757.2729   144.4
2458757.9186   156.0
2458758.5643   101.8
2458759.2446   104.1
2458759.8904   115.6
2458760.5367   127.2
2458761.1292   0.0
2458761.7724   100.1
2458762.4181   104.7
2458763.0646   117.4
2458763.7103   129.5
2458764.3704   141.0
2458765.0161   151.4
2458765.6612   108.2
2458766.3074   104.1
2458766.9532   115.1
2458767.5923   124.8
2458768.2377   100.1
2458768.8835   101.3
2458769.5293   113.9
2458770.1758   126.0
2458770.8216   135.2
2458771.4674   145.6
2458772.1057   100.1
2458772.7513   102.4
2458773.3978   115.0
2458774.0434   126.0
2458774.6898   136.4
2458775.3350   100.1
2458775.9806   101.2
2458776.6201   112.8
2458777.2658   123.7
2458777.9047   133.5
2458778.5436   143.3
2458779.1819   101.2
2458779.8207   101.3
2458780.4603   112.2
2458781.0993   122.6
2458781.7383   131.2
2458782.3768   100.1
2458783.0226   104.1
2458783.6684   113.4
2458784.3073   123.8
2458784.9464   134.0
2458785.5855   142.2
2458786.2240   100.1
2458786.8630   100.1
2458787.5014   110.5
2458788.1406   120.8
2458788.7729   130.6
2458789.4115   100.1
2458790.0504   100.1
2458790.6478   109.3
2458791.2868   120.8
2458791.9259   131.2
2458792.5643   142.8
2458793.2028   100.1
2458793.8418   103.0
2458794.4810   115.7
2458795.1133   125.4
2458795.7449   135.2
2458796.3767   100.1
2458797.0083   100.1
2458797.6406   112.2
2458798.2730   124.3
2458798.9046   132.9
2458799.5368   142.7
2458800.1685   100.1
2458800.8074   100.1
2458801.4465   112.2
2458802.0849   123.1
2458802.7171   132.3
2458803.3493   142.7
2458803.9951   152.5
2458804.6403   100.1
2458805.2860   102.4
2458805.9326   115.0
2458806.5784   126.0
2458807.2242   136.4
2458807.8701   144.4
2458808.5160   152.5
2458809.1680   100.1
2458809.8138   100.6
2458810.4529   111.6
2458811.0920   122.0
2458811.7312   132.4
2458812.3702   142.1
2458813.0093   149.6
2458813.6471   100.1
2458814.2929   100.1
2458814.9463   112.7
2458815.5922   122.0
2458816.2449   133.5
2458816.8908   141.6
2458817.5299   149.0
2458818.1751   100.1
2458818.8209   100.1
2458819.4668   111.6
2458820.1058   123.1
2458820.7448   133.5
2458821.3838   143.3
2458822.0228   153.6
2458822.6610   100.1
2458823.3074   104.1
2458823.9533   115.7
2458824.5991   127.2
2458825.2448   136.9
2458825.8838   146.8
2458826.5234   153.6
2458827.1616   100.1
2458827.8005   100.7
2458828.4395   114.5
2458829.0786   126.0
2458829.7176   135.8
2458830.3490   146.3
2458830.9811   154.8
2458831.6193   100.1
2458832.2588   100.7
2458832.8979   111.6
2458833.5294   122.0
2458834.1617   132.1
2458834.7939   141.0
2458835.4255   150.3
2458836.0717   180.2
2458836.2378   114.5
2458836.8837   123.7
2458837.5227   134.6
2458838.1618   146.8
2458838.8076   157.1
2458839.1082   0.0
2458839.7518   112.2
2458840.3976   121.4
2458841.0435   131.8
2458841.6894   144.4
2458842.3352   154.2
2458842.9818   165.7
2458843.6276   175.6
2458844.2726   111.6
2458844.9185   120.3
2458845.5644   131.2
2458846.2104   142.7
2458846.8495   153.1
2458847.4886   164.6
2458848.1276   175.5
2458848.7734   180.2
2458848.8752   0.0
2458849.5227   119.7
2458850.1686   131.2
2458850.8144   141.6
2458851.4603   152.0
2458852.0994   162.3
2458852.7376   105.8
2458853.3766   115.0
2458854.0088   124.8
2458854.6410   135.2
2458855.2732   145.6
2458855.9116   156.0
2458856.5507   166.4
2458857.1889   110.5
2458857.8355   122.6
2458858.4812   130.1
2458859.1201   139.8
2458859.7590   150.8
2458860.3977   145.0
2458861.0444   180.2
2458861.4159   0.0
2458861.5850   111.6
2458862.2307   121.4
2458862.8771   132.3
2458863.5228   143.3
2458864.1684   139.8
2458864.8149   152.0
2458865.4607   158.9
2458866.0714   145.1
2458866.7316   171.0
2458867.3840   114.6
2458868.0364   115.6
2458868.6896   127.2
2458869.3422   138.1
2458869.9953   149.7
2458870.6478   161.2
2458871.3009   171.6
2458871.9541   180.2
2458872.1270   118.0
2458872.7793   117.4
2458873.4325   129.5
2458874.0857   141.0
2458874.7381   153.1
2458875.3844   162.3
2458876.0301   172.1
2458876.6764   180.2
2458876.8637   180.2
2458876.9409   0.0
2458877.5846   100.1
2458878.2377   100.1
2458878.8834   107.6
2458879.5229   117.4
2458880.1550   126.0
2458880.7866   100.1
2458881.4254   100.1
2458882.0710   107.6
2458882.7099   116.2
2458883.3421   123.7
2458883.9675   132.3
2458884.5922   138.7
2458885.2238   100.1
2458885.8558   100.1
2458886.4879   106.4
2458887.1200   116.2
2458887.7521   128.3
2458888.3842   137.0
2458888.9103   0.0
2458889.1405   100.1
2458889.7793   100.1
2458890.4183   106.4
2458891.0505   116.2
2458891.6826   126.0
2458892.3148   134.6
2458892.9394   142.7
2458893.5709   100.1
2458894.2029   100.1
2458894.8349   105.8
2458895.4670   116.8
2458896.0922   126.0
2458896.7175   134.7
2458897.3296   0.0
2458897.9533   100.1
2458898.5847   100.1
2458899.2169   111.0
2458899.8491   120.8
2458900.4813   131.2
2458901.1134   141.0
2458901.7519   100.1
2458902.3833   100.1
2458903.0018   108.7
2458903.6196   118.5
2458904.2449   129.5
2458904.8634   137.0
2458905.4808   100.1
2458906.1060   100.1
2458906.7307   111.6
2458907.3560   123.7
2458907.9813   134.1
2458908.4879   0.0
2458909.1128   106.4
2458909.7449   112.8
2458910.3771   123.1
2458911.0090   134.1
2458911.6413   144.4
2458912.2729   156.6
2458912.8915   165.7
2458913.0859   0.0
2458913.6407   100.1
2458914.2637   0.0
2458914.8907   130.6
2458915.5227   141.6
2458916.1549   152.5
2458916.8280   109.9
2458917.4533   116.2
2458918.0786   128.3
2458918.7033   138.7
2458919.3287   152.5
2458919.9534   160.6
2458920.5787   171.6
2458921.2169   120.3
2458921.8491   118.5
2458922.4813   129.0
2458923.1135   139.3
2458923.7450   150.2
2458924.3771   159.4
2458925.0086   118.0
2458925.6339   115.7
2458926.2586   127.8
2458926.8840   137.5
2458927.5093   148.6
2458928.1271   157.1
2458928.7382   165.8
2458929.3492   115.1
2458929.9601   113.9
2458930.5780   126.0
2458931.2034   137.5
2458931.8287   147.9
2458932.4465   156.6
2458933.0651   168.1
2458933.6889   108.8
2458934.3143   116.8
2458934.9397   127.2
2458935.5644   138.1
2458936.1830   147.9
2458936.8009   157.7
2458937.4187   168.6
2458938.4601   113.9
2458939.0785   122.6
2458939.7032   133.5
2458940.3285   145.0
2458940.9538   154.8
2458941.5785   165.7
2458942.2039   175.0
2458942.8286   180.2
2458943.0363   112.8
2458943.6685   122.0
2458944.3007   134.1
2458944.9329   147.4
2458945.5651   156.6
2458946.1967   180.2
2458946.3284   144.4
2458946.9122   0.0
2458947.0430   101.2
2458947.6962   110.5
2458948.3283   119.2
2458948.9461   127.2
2458949.5578   135.2
2458950.1756   144.4
2458950.7934   100.1
2458951.4322   100.1
2458952.0642   108.8
2458952.6895   117.9
2458953.3073   126.6
2458953.9189   133.5
2458954.5295   100.2
2458955.1541   100.1
2458955.7794   108.7
2458956.4048   119.7
2458957.0226   130.0
2458957.6342   135.8
2458958.2452   143.9
2458958.8488   100.1
2458959.4665   100.1
2458960.0783   107.6
2458960.6893   117.4
2458961.2935   127.2
2458961.8909   134.7
2458962.4311   0.0
2458963.0436   103.6
2458963.6544   110.4
2458964.2655   122.0
2458964.8772   134.7
2458965.4882   144.4
2458966.0992   154.8
2458966.7102   109.9
2458967.3211   109.9
2458967.9321   122.5
2458968.5437   132.9
2458969.1546   144.5
2458969.7662   153.7
2458970.3771   162.3
2458970.9805   103.0
2458971.5990   112.2
2458972.2099   123.1
2458972.8147   131.2
2458973.4257   145.6
2458974.0231   157.1
2458974.6342   176.7
2458975.1686   0.0
2458975.7796   103.5
2458976.3974   114.5
2458977.0160   126.0
2458977.6339   135.8
2458978.2523   145.6
2458978.8702   157.1
2458979.4947   104.1
2458980.1131   107.6
2458980.7308   118.0
2458981.3493   129.5
2458981.9602   138.2
2458982.5719   147.9
2458983.1828   157.1
2458983.7930   102.4
2458984.4046   107.0
2458985.0223   119.1
2458985.6407   130.0
2458986.2592   141.0
2458986.8769   152.0
2458987.4952   161.1
2458988.1129   105.3
2458988.7305   108.1
2458989.3490   120.4
2458989.9606   129.5
2458990.5715   141.0
2458991.1900   152.5
2458991.8077   160.6
2458992.4322   105.8
2458993.0500   108.1
2458993.6686   119.7
2458994.2865   130.6
2458994.9050   142.1
2458995.5227   152.5
2458996.1412   163.4
2458996.7656   106.4
2458997.3907   111.6
2458998.0227   123.1
2458998.6615   135.8
2458999.3011   147.3
2458999.9331   156.0
2459000.3128   0.0
2459000.9388   100.1
2459001.5781   101.3
2459002.2101   112.8
2459002.8421   123.2
2459003.4741   134.7
2459004.1060   143.3
2459004.9223   0.0
2459005.4879   116.3
2459006.1267   124.9
2459006.7520   134.1
2459007.3704   142.1
2459007.9747   150.3
2459008.4404   0.0
2459009.0434   100.1
2459009.6680   107.1
2459010.2866   118.0
2459010.9044   129.0
2459011.5228   139.3
2459012.1412   150.2
2459012.7521   158.3
2459013.2583   0.0
2459013.9321   103.0
2459014.5573   112.6
2459015.1826   123.3
2459015.8077   134.8
2459016.4329   146.2
2459017.0507   154.9
2459017.6752   100.7
2459018.3004   107.0
2459018.9251   119.7
2459019.5504   130.6
2459020.1757   141.0
2459020.7942   150.8
2459021.4181   107.0
2459022.0365   108.7
2459022.6618   121.4
2459023.2864   133.0
2459023.9048   142.7
2459024.5300   153.1
2459025.1553   163.5
2459025.7805   180.1
2459025.9312   0.0
2459026.5641   109.3
2459027.1962   121.4
2459027.8281   132.3
2459028.4601   141.5
2459029.0927   152.5
2459029.7246   160.5
2459030.3492   109.3
2459030.9737   110.5
2459031.5990   122.5
2459032.2244   134.7
2459032.8497   148.5
2459033.5369   157.7
2459034.1554   166.3
2459034.7792   103.5
2459035.4044   112.2
2459036.0298   124.3
2459036.6550   135.2
2459037.2797   146.2
2459037.8981   154.8
2459038.2648   0.0
2459038.8905   104.7
2459039.5225   112.7
2459040.1478   124.3
2459040.7731   135.2
2459041.3976   145.6
2459042.0161   155.9
2459042.6413   165.7
2459043.2726   111.6
2459043.9046   113.3
2459044.5367   124.8
2459045.1619   135.8
2459045.7871   146.2
2459046.4117   157.7
2459047.0369   167.5
2459047.6613   105.3
2459048.2865   112.2
2459048.9118   126.0
2459049.5370   135.8
2459050.1615   147.9
2459050.7867   157.7
2459051.2604   0.0
2459051.8905   101.8
2459052.5224   108.7
2459053.1618   122.5
2459053.7937   132.3
2459054.4257   148.5
2459055.0578   161.1
2459055.6897   168.6
2459056.3210   108.7
2459056.9461   110.4
2459057.5782   123.1
2459058.2103   134.6
2459058.8355   144.4
2459059.4608   156.5
2459060.0854   166.3
2459060.7098   103.5
2459061.3351   111.6
2459061.9604   122.5
2459062.5850   134.1
2459063.2103   144.4
2459063.8287   153.7
2459064.4539   164.6
2459065.0784   109.3
2459065.7103   111.0
2459066.3421   100.1
2459066.9740   100.1
2459067.6060   109.3
2459068.2380   118.5
2459068.8703   160.6
2459069.4947   101.8
2459070.1199   105.8
2459070.7519   117.9
2459071.3839   129.4
2459072.0091   138.7
2459072.6343   150.2
2459073.2455   0.0
2459073.8696   100.1
2459074.5016   106.4
2459075.1165   0.0
2459075.7378   130.1
2459076.3699   141.0
2459076.9951   151.3
2459077.6264   104.1
2459078.2516   107.0
2459078.8768   119.7
2459079.5020   130.6
2459080.1272   141.0
2459080.7524   151.3
2459081.3838   105.8
2459082.0083   107.6
2459082.6337   119.1
2459083.2590   130.6
2459083.8843   141.6
2459084.5163   152.5
2459085.1477   101.8
2459085.7798   108.7
2459086.4112   120.2
2459087.0433   131.2
2459087.6754   141.0
2459088.3085   0.0
2459088.9394   159.4
2459089.6682   119.1
2459090.3077   129.4
2459090.9398   141.6
2459091.5718   154.8
2459092.2038   166.3
2459092.8358   177.3
2459093.4670   120.2
2459094.0991   130.0
2459094.7311   142.7
2459095.3631   153.6
2459095.9884   166.3
2459096.6203   179.0
2459097.2592   138.7
2459097.8909   130.6
2459098.5228   140.4
2459099.1547   153.1
2459099.7940   166.9
2459100.3184   0.0
2459100.9534   120.8
2459101.5921   126.6
2459102.2311   139.3
2459102.8631   150.2
2459103.4883   160.6
2459104.1136   175.0
2459104.7455   180.1
2459105.3836   130.0
2459106.0161   128.3
2459106.6480   138.7
2459107.2044   0.0
2459107.8284   158.8
2459108.4604   168.0
2459109.0857   179.6
2459109.7244   119.7
2459110.3563   123.7
2459110.9882   135.8
2459111.6201   147.3
2459112.2520   158.2
2459112.8846   168.6
2459113.5165   179.6
2459114.1451   0.0
2459114.1452   0.0
2459114.7794   123.1
2459115.4114   133.5
2459116.0441   146.7
2459116.6760   157.7
2459117.3080   169.8
2459117.9399   179.6
2459118.5717   180.1
2459118.9264   180.1
2459119.6127   126.6
2459120.2522   135.8
2459120.8842   147.9
2459121.5163   161.1
2459122.1485   172.1
2459122.7737   180.1
2459123.4043   123.7
2459124.0438   126.6
2459124.6827   136.9
2459125.3215   149.6
2459125.9536   161.1
2459126.5855   172.8
2459127.2175   180.2
2459127.8493   117.3
2459128.4813   124.3
2459129.1134   135.8
2459129.7455   149.0
2459130.3775   159.4
2459131.0096   170.9
2459131.6476   117.4
2459132.2864   125.4
2459132.9184   136.9
2459133.5510   149.0
2459134.1761   158.3
2459134.8013   168.0
2459135.3759   0.0
2459135.9951   115.1
2459136.6271   124.3
2459137.2591   134.1
2459137.8843   145.0
2459138.5164   156.0
2459139.1478   164.6
2459139.7805   176.1
2459140.4254   123.7
2459141.0640   121.4
2459141.7035   132.9
2459142.3422   143.8
2459142.9816   155.9
2459143.6204   167.5
2459144.2592   177.9
2459144.9045   113.3
2459145.5433   119.6
2459146.1822   130.0
2459146.8143   142.1
2459147.4537   154.2
2459148.0925   165.2
2459148.8279   104.7
2459149.4600   114.5
2459150.0922   125.4
2459150.7243   136.4
2459151.3564   145.6
2459151.9885   158.8
2459152.6206   168.1
2459153.2586   109.9
2459153.8906   113.9
2459154.5226   126.0
2459155.1061   135.2
2459155.7313   145.6
2459156.3633   157.1
2459156.9885   167.5
2459157.6129   107.0
2459158.2380   112.2
2459158.8700   126.0
2459159.5088   138.1
2459160.1483   146.2
2459160.7871   156.5
2459161.7657   107.6
2459162.4045   113.3
2459163.0298   122.5
2459163.6550   131.7
2459164.2796   141.0
2459164.9048   153.1
2459165.5369   164.6
2459166.1756   111.0
2459166.8075   112.2
2459167.4395   124.8
2459168.0646   134.1
2459168.6897   143.3
2459169.3148   154.2
2459169.9399   165.8
2459170.5779   111.6
2459171.2104   114.5
2459171.8423   127.1
2459172.4673   135.8
2459173.0855   145.6
2459173.7037   153.6
2459174.6265   105.9
2459175.2659   114.5
2459175.9047   126.0
2459176.5435   137.5
2459177.1830   150.2
2459177.8149   156.5
2459178.8486   104.7
2459179.4811   111.0
2459180.1131   121.4
2459180.7383   131.7
2459181.3635   142.1
2459181.9812   151.9
2459182.6064   162.3
2459183.2376   105.8
2459183.8627   108.7
2459184.4880   122.6
2459185.1133   134.1
2459185.7380   145.0
2459186.3636   156.0
2459186.9746   163.4
2459187.5849   106.4
2459188.2100   109.3
2459188.8353   120.2
2459189.4599   131.2
2459190.0852   141.6
2459190.7105   152.5
2459191.3357   160.6
2459191.9597   109.3
2459192.5918   115.6
2459193.2240   127.7
2459193.8563   139.8
2459194.4885   149.6
2459195.1132   160.6
2459195.7454   172.6
2459196.3766   104.1
2459197.0085   108.7
2459197.6404   119.7
2459198.2588   128.9
2459198.8772   138.7
2459199.4880   145.0
2459200.1133   160.0
2459200.7519   103.0
2459201.3838   107.6
2459202.0015   118.5
2459202.6131   127.7
2459203.2154   0.0
2459203.8214   148.5
2459204.4331   160.6
2459205.0568   101.2
2459205.6820   108.1
2459206.6619   125.4
2459207.2863   123.1
2459207.9047   134.0
2459208.5298   144.4
2459209.1611   100.1
2459209.7929   100.1
2459210.4255   110.4
2459211.0642   122.5
2459211.7036   132.9
2459212.3424   142.7
2459212.9606   147.3
2459213.5776   100.1
2459214.2102   100.1
2459214.8422   111.0
2459215.4741   122.0
2459216.1061   132.3
2459216.7312   140.4
2459217.8282   100.6
2459218.4600   108.7
2459219.0919   122.0
2459219.7169   130.6
2459220.3427   141.6
2459220.9677   150.8
2459221.5854   160.5
2459222.2172   108.1
2459222.8422   107.0
2459223.4673   119.1
2459224.0992   130.6
2459224.7243   139.8
2459225.3426   149.6
2459225.9608   159.4
2459226.5851   102.9
2459227.2101   108.1
2459227.8352   120.2
2459228.4534   130.6
2459229.0717   141.5
2459229.6899   150.8
2459230.8488   103.5
2459231.4806   111.0
2459232.1133   123.7
2459232.7452   134.0
2459233.3772   143.8
2459234.0093   153.1
2459234.6414   160.5
2459235.2728   107.0
2459235.8973   105.8
2459236.5295   119.1
2459237.1616   131.2
2459237.7936   141.0
2459238.4256   151.9
2459239.0576   161.7
2459239.6968   151.9
2459240.8416   102.4
2459241.4947   108.7
2459242.1477   120.8
2459242.8007   133.5
2459243.4537   145.6
2459244.0991   155.4
2459244.7452   163.5
2459245.3906   108.1
2459246.0292   108.7
2459246.6754   121.4
2459247.3216   133.5
2459247.9604   144.4
2459248.5997   153.8
2459249.8764   101.8
2459250.5158   108.7
2459251.1546   121.4
2459251.7935   132.9
2459252.6617   142.8
2459253.3006   154.2
2459253.9403   180.1
2459254.4391   100.1
2459255.0409   0.0
2459255.6751   116.2
2459256.6689   143.3
2459257.3076   155.4
2459257.9470   165.2
2459258.4424   0.0
2459259.0434   120.8
2459259.6827   122.0
2459260.3215   130.1
2459260.9603   141.5
2459261.5997   150.8
2459262.2385   161.1
2459262.8704   169.2
2459263.5085   110.4
2459264.1405   111.6
2459264.7726   123.7
2459265.4046   135.8
2459266.0365   146.1
2459266.6617   154.2
2459267.2869   164.6
2459268.0292   112.2
2459268.6686   111.6
2459269.3074   120.8
2459269.9463   134.6
2459271.4260   165.8
2459272.0294   100.1
2459272.5430   100.1
2459273.0505   104.7
2459273.5573   112.2
2459274.0574   119.1
2459274.5574   128.3
2459275.0643   138.7
2459275.5788   151.3
2459276.0996   180.1
2459276.3004   100.1
2459276.8419   100.1
2459277.3700   108.7
2459277.8700   113.9
2459278.3699   123.3
2459278.8699   130.7
2459279.7446   100.1
2459280.2723   100.1
2459280.7933   103.0
2459281.3211   114.5
2459281.8353   120.8
2459282.7521   138.1
2459283.2732   146.2
2459283.8013   180.1
2459284.0366   100.1
2459284.5643   100.1
2459285.0921   105.3
2459285.6199   114.6
2459286.1409   122.0
2459286.6619   129.4
2459287.1829   139.2
2459287.7443   100.1
2459288.2795   100.1
2459288.8208   107.0
2459289.3561   116.2
2459289.8839   122.5
2459290.4116   132.4
2459290.9326   139.2
2459291.4598   100.1
2459291.9950   100.1
2459292.8836   113.9
2459293.4113   122.0
2459293.9254   128.3
2459294.4459   100.1
2459294.9668   100.1
2459295.4946   101.8
2459296.4503   0.0
2459296.4505   0.0
2459297.4833   0.0
2459298.0222   100.6
2459298.5644   111.6
2459299.1126   120.8
2459299.6547   128.3
2459300.1894   135.2
2459300.7173   142.1
2459301.6959   90.9
2459302.2306   100.1
2459302.7728   110.4
2459303.3143   119.1
2459303.8489   126.0
2459304.3837   134.0
2459304.9115   142.3
2459305.4469   152.6
2459305.9877   101.8
2459306.5366   101.8
2459307.0781   110.4
2459307.6195   119.1
2459308.1548   126.6
2459308.6895   135.2
2459309.2310   145.6
2459309.7731   153.6
2459310.3212   98.4
2459310.8626   101.8
2459311.3250   0.0
2459311.8629   119.7
2459312.4050   127.1
2459312.9396   135.2
2459313.4810   145.0
2459314.0231   155.4
2459314.5713   98.9
2459315.1194   101.8
2459315.6751   112.2
2459316.2308   119.6
2459316.7866   130.6
2459317.3424   139.8
2459317.9465   152.0
2459318.5083   95.5
2459319.0089   0.0
2459319.5573   115.6
2459320.1062   124.3
2459320.6545   132.9
2459321.2035   142.7
2459321.4704   0.0
2459322.0153   95.5
2459322.5642   102.4
2459323.1125   112.2
2459323.6615   123.1
2459323.9571   0.0
2459324.5020   137.5
2459325.0511   147.3
2459325.6062   158.8
2459326.3144   100.6
2459326.8694   103.5
2459326.9150   0.0
2459327.4393   115.1
2459327.9883   124.3
2459328.5366   131.8
2459329.0856   141.6
2459329.6339   150.8
2459330.3486   0.0
2459330.9252   109.3
2459331.8836   120.2
2459332.4394   129.0
2459332.9883   136.4
2459333.2517   0.0
2459333.8069   95.5
2459334.3626   104.1
2459334.9183   114.5
2459335.4807   123.7
2459336.0439   135.2
2459336.9114   95.5
2459337.4807   105.8
2459338.0432   115.1
2459338.6057   124.8
2459339.1689   132.9
2459339.7314   144.4
2459340.2938   150.8
2459340.8562   161.1
2459341.4184   97.8
2459341.9809   105.2
2459342.5433   112.7
2459343.1058   122.5
2459343.6690   132.9
2459344.2383   142.7
2459344.8076   151.9
2459344.9913   0.0
2459345.5573   97.8
2459346.2900   0.0
2459346.8560   119.7
2459347.0262   0.0
2459347.5855   130.0
2459348.3407   0.0
2459348.9055   157.1
2459349.2971   0.0
2459349.8629   99.5
2459350.4389   107.0
2459350.8859   0.0
2459351.8078   131.2
2459352.3703   140.4
2459352.9261   150.2
2459353.9182   97.2
2459354.4875   105.8
2459355.0501   115.1
2459355.6128   124.9
2459356.1755   134.1
2459356.7314   142.7
2459357.2941   153.1
2459357.8493   161.2
2459358.4322   103.5
2459358.9837   0.0
2459359.5436   114.5
2459360.1062   126.0
2459360.6688   135.8
2459361.9186   156.5
2459362.4812   164.0
2459363.2907   0.0
2459363.8628   112.2
2459364.4322   123.7
2459365.0023   133.5
2459365.5717   143.8
2459366.1410   156.0
2459366.7178   162.9
2459367.2935   131.8
